25 25
4 2 2 1 1
3 2 3 3 2
4 1 1 2 1 1 3
4 1 1 2 2 4 2 1
2 2 1 3 1 2 2
4 2 2 4 1
1 1 1 1 2
1 1 3 2 2 2
1 1 6 2 4
1 8 4 1
5 4 3 2
5 2 1 2 2 1
5 3 4 3 1
5 2 2 2 1 2
4 2 1 3 3 3
3 2 2 3 3
2 1 2 2 1 3
2 1 2 1 3 2
2 1 2 1 3 1
2 4 1 2 1
2 1 2 3
2 6 1 2 2
2 1 5
16 2
4 2
4 4 3
6 12
4 1 2 13
1 2 1 5 1
2 2 5 1
4 1 5 3 1
1 4 2 1 1 1
1 1 4 2 1 1 2
3 2 1 1 1 2
4 3 1 1 1 1 1 2
2 3 2 2 1 2 1 2
2 2 2 6 1 1
2 1 2 1 2 1
6 3 1 1
2 3 2 1
1 2 1 3 1
3 4 10
2 3 1 2 2
3 1 2 2 1 1 1
1 2 2 2 3
2 1 1 2 3 2 1
2 2 3 2 3
2 2 1 4 1 2
2 3 10
4 6 2